1595184020.211004	Ultrasonic Sensor HC-SR04 Test
1595184020.232536	with Arduino UNO R3
1595184021.943988	0
1595184022.948304	33
1595184023.951050	33
1595184024.955032	33
1595184025.962648	33
1595184026.965644	33
1595184027.968644	33
1595184028.972896	34
1595184029.975962	33
1595184030.980215	33
1595184031.983215	33
1595184032.987460	33
1595184033.990540	33
1595184034.994786	33
1595184035.997786	33
1595184037.000784	33
1595184038.005011	33
1595184039.008986	33
1595184040.011789	33
1595184041.015826	10
1595184042.014930	5
1595184043.022712	33
1595184044.025704	33
1595184045.029952	34
1595184046.033058	33
1595184047.037275	33
1595184048.040280	34
1595184049.044524	33
1595184050.047508	33
1595184051.051487	34
1595184052.055482	34
1595184053.061870	34
1595184054.066241	34
1595184055.069244	34
1595184056.072321	34
1595184057.076567	34
1595184058.079567	34
1595184059.083894	34
1595184060.086893	34
1595184061.091141	35
1595184062.094108	34
1595184063.098098	34
1595184064.102109	34
1595184065.108480	34
1595184066.112732	34
1595184067.115727	34
1595184068.119980	33
1595184069.123049	33
1595184070.127300	33
1595184071.130301	34
1595184072.133401	33
1595184073.137621	34
1595184074.140646	33
1595184075.144886	33
1595184076.147866	33
1595184077.151849	34
1595184078.155858	34
1595184079.162232	33
1595184080.166474	33
1595184081.169466	33
1595184082.173721	33
1595184083.176786	34
1595184084.181044	34
1595184085.184050	34
1595184086.188361	34
1595184087.191365	34
1595184088.194357	34
1595184089.198600	34
1595184090.202621	34
1595184091.205343	34
1595184092.212966	34
1595184093.215960	34
1595184094.220214	34
1595184095.223309	34
1595184096.227530	34
1595184097.230529	34
1595184098.234855	35
1595184099.237852	35
1595184100.242107	35
1595184101.245043	34
1595184102.249073	34
1595184103.256694	34
1595184104.259703	34
1595184105.262696	34
1595184106.267022	35
1595184107.270015	34
1595184108.274262	34
1595184109.277344	34
1595184110.281594	34
1595184111.284592	34
1595184112.288840	34
1595184113.291551	34
1595184114.295541	34
1595184115.303198	34
1595184116.306191	34
1595184117.310443	34
1595184118.313443	34
1595184119.317784	34
1595184120.320762	34
1595184121.323754	34
1595184122.328088	33
1595184123.331087	34
1595184124.335333	34
1595184125.338320	34
1595184126.342325	34
1595184127.346327	34
1595184128.352688	34
1595184129.356927	34
1595184130.359936	34
1595184131.364182	34
1595184132.367247	34
1595184133.371500	34
1595184134.374517	34
1595184135.378814	34
1595184136.381871	34
1595184137.384815	34
1595184138.389028	34
1595184139.393088	34
1595184140.395760	34
1595184141.403414	34
1595184142.406410	34
1595184143.410663	34
1595184144.413729	34
1595184145.417978	34
1595184146.421016	34
1595184147.425302	34
1595184148.428430	34
1595184149.431432	34
1595184150.435679	34
1595184151.439983	34
1595184152.442627	35
1595184153.450278	34
1595184154.453279	35
1595184155.457525	35
1595184156.460598	34
1595184157.464845	35
1595184158.467844	35
1595184159.472178	35
1595184160.475168	35
1595184161.478170	35
1595184162.482376	35
1595184163.486390	35
1595184164.492772	35
1595184165.497018	35
1595184166.500021	35
1595184167.504338	35
1595184168.507339	35
1595184169.511791	35
1595184170.514787	35
1595184171.517796	35
1595184172.522032	35
1595184173.526013	35
1595184174.532398	35
1595184175.536646	35
1595184176.539711	34
1595184177.543960	35
1595184178.546961	34
1595184179.551236	35
1595184180.554288	35
1595184181.558537	34
1595184182.561535	35
1595184183.565774	34
1595184184.568502	34
1595184185.576133	34
1595184186.579139	34
1595184187.583387	34
1595184188.586448	34
1595184189.590698	34
1595184190.593695	34
1595184191.598028	35
1595184192.601030	35
1595184193.605155	34
1595184194.608126	34
1595184195.612146	34
1595184196.616185	34
1595184197.622497	34
1595184198.626742	34
1595184199.629756	34
1595184200.634067	34
1595184201.637059	34
1595184202.641312	34
1595184203.644396	34
1595184204.647385	34
1595184205.651647	34
1595184206.654641	34
1595184207.658873	34
1595184208.663019	34
1595184209.669352	34
1595184210.673608	34
1595184211.676605	34
1595184212.680928	34
1595184213.683924	34
1595184214.686924	34
1595184215.691252	35
1595184216.694253	34
1595184217.698499	34
1595184218.701469	34
1595184219.705483	34
1595184220.709463	35
1595184221.715856	34
1595184222.720110	34
1595184223.723130	34
1595184224.727425	35
1595184225.730447	34
1595184226.734673	35
1595184227.737742	35
1595184228.741994	35
1595184229.744955	35
1595184230.748984	35
1595184231.751725	34
1595184232.759348	35
1595184233.763588	35
1595184234.766587	35
1595184235.769737	35
1595184236.774033	35
1595184237.777032	34
1595184238.781363	34
1595184239.784355	35
1595184240.788581	35
1595184241.791377	35
1595184242.795483	35
1595184243.803115	35
1595184244.806091	35
1595184245.810408	35
1595184246.813413	35
1595184247.816405	35
1595184248.820727	35
1595184249.823729	36
1595184250.827944	35
1595184251.831948	35
1595184252.834684	36
1595184253.842327	35
1595184254.845324	36
1595184255.849722	35
1595184256.852648	35
1595184257.856972	35
1595184258.859977	36
1595184259.864230	35
1595184260.867167	35
1595184261.871237	35
1595184262.878823	35
1595184263.881830	35
1595184264.886073	35
1595184265.889143	35
1595184266.892177	35
1595184267.896464	35
1595184268.899463	35
1595184269.903710	35
1595184270.906670	35
1595184271.910710	36
1595184272.918318	35
1595184273.921320	34
1595184274.925567	35
1595184275.928633	35
1595184276.932911	35
1595184277.935968	35
1595184278.938959	34
1595184279.943222	35
1595184280.947438	35
1595184281.950223	35
1595184282.954195	34
1595184283.961838	35
1595184284.964808	34
1595184285.967841	34
1595184286.972133	35
1595184287.975154	35
1595184288.979447	35
1595184289.982457	34
1595184290.986701	35
1595184291.989777	35
1595184292.993697	34
1595184293.997722	34
1595184295.004050	34
1595184296.008301	34
1595184297.011325	34
1595184298.015621	34
1595184299.018617	34
1595184300.022869	35
1595184301.026079	35
1595184302.028945	35
1595184303.033195	35
1595184304.036176	35
1595184305.040197	34
1595184306.047793	35
1595184307.050800	35
1595184308.055044	35
1595184309.058111	35
1595184310.062364	35
1595184311.065366	35
1595184312.069760	35
1595184313.072762	35
1595184314.076910	34
1595184315.079770	35
1595184316.083722	35
1595184317.091291	35
1595184318.094289	35
1595184319.097278	35
1595184320.101601	35
1595184321.104596	34
1595184322.108844	35
1595184323.111938	35
1595184324.116180	35
1595184325.119150	35
1595184326.123164	35
1595184327.127184	35
1595184328.133521	35
1595184329.137766	34
1595184330.140794	35
1595184331.145078	35
1595184332.148089	35
1595184333.152470	35
1595184334.155423	35
1595184335.158422	35
1595184336.162654	35
1595184337.166647	35
1595184338.169413	36
1595184339.177020	35
1595184340.181275	35
1595184341.184371	35
1595184342.187338	35
1595184343.191593	35
1595184344.194668	36
1595184345.198914	35
1595184346.201904	35
1595184347.205932	36
1595184348.209946	35
1595184349.216262	35
1595184350.220518	35
1595184351.223584	35
1595184352.227838	35
1595184353.230836	35
1595184354.235156	35
1595184355.238197	35
1595184356.242375	35
1595184357.245111	35
1595184358.249113	35
1595184359.256757	35
1595184360.259752	36
1595184361.264065	36
1595184362.267067	36
1595184363.270145	36
1595184364.274394	36
1595184365.278600	36
1595184366.281379	36
1595184367.285378	36
1595184368.292998	36
1595184369.296000	36
1595184370.299070	36
1595184371.303322	36
1595184372.306404	36
1595184373.310654	36
1595184374.313637	36
1595184375.317650	35
1595184376.325370	36
1595184377.328370	36
1595184378.332630	36
1595184379.335687	36
1595184380.338682	36
1595184381.343011	36
1595184382.346010	36
1595184383.350201	34
1595184384.354248	35
1595184385.360626	36
1595184386.364867	36
1595184387.367860	35
1595184388.372186	35
1595184389.375179	35
1595184390.379508	36
1595184391.382528	35
1595184392.385544	35
1595184393.389798	35
1595184394.393751	35
1595184395.400131	35
1595184396.404355	35
1595184397.407356	35
1595184398.411678	35
1595184399.414673	35
1595184400.418918	35
1595184401.422019	35
1595184402.426242	35
1595184403.429197	35
1595184404.433192	35
1595184405.437232	35
1595184406.443597	34
1595184407.447869	35
1595184408.450843	35
1595184409.455164	35
1595184410.458165	35
1595184411.461241	35
1595184412.465488	35
1595184413.468481	35
1595184414.472693	35
1595184415.476849	35
1595184416.483212	35
1595184417.487459	35
1595184418.490460	35
1595184419.494781	35
1595184420.497779	35
1595184421.500781	35
1595184422.505104	35
1595184423.508107	35
1595184424.512325	35
1595184425.516343	35
1595184426.519090	35
1595184427.526704	35
1595184428.529711	35
1595184429.533952	35
1595184430.537031	35
1595184431.541282	35
1595184432.544354	35
1595184433.548683	35
1595184434.551659	35
1595184435.555896	34
1595184436.558623	35
1595184437.562627	35
1595184438.570235	35
1595184439.573237	35
1595184440.577569	35
1595184441.580572	35
1595184442.584833	35
1595184443.587890	35
1595184444.590898	35
1595184445.595144	35
1595184446.598127	35
1595184447.602125	35
1595184448.609791	35
1595184449.612724	35
1595184450.616982	35
1595184451.620073	35
1595184452.624313	35
1595184453.627311	36
1595184454.631652	35
1595184455.634655	35
1595184456.638864	35
1595184457.641627	35
1595184458.645614	35
1595184459.653220	35
1595184460.656217	35
1595184461.659308	35
1595184462.663556	35
1595184463.666557	35
1595184464.670884	35
1595184465.673885	35
1595184466.678136	35
1595184467.681056	35
1595184468.685018	35
1595184469.692675	35
1595184470.695674	35
1595184471.699922	35
1595184472.702990	35
1595184473.705986	35
1595184474.710310	35
1595184475.713311	35
1595184476.717557	36
1595184477.720539	35
1595184478.724519	36
1595184479.732165	36
1595184480.735167	35
1595184481.739417	35
1595184482.742502	35
1595184483.746733	35
1595184484.749908	36
1595184485.752803	36
1595184486.757029	35
1595184487.761032	35
1595184488.763789	36
1595184489.771409	36
1595184490.775656	35
1595184491.778723	36
1595184492.781724	36
1595184493.786048	36
1595184494.789047	36
1595184495.793300	36
1595184496.796277	36
1595184497.800397	36
1595184498.808178	36
1595184499.811036	36
1595184500.815348	36
1595184501.818343	36
1595184502.821427	37
1595184503.825672	36
1595184504.829993	36
1595184505.832642	36
1595184506.840283	36
1595184507.843306	36
1595184508.847594	36
1595184509.850597	37
1595184510.854915	36
1595184511.857911	36
1595184512.862170	36
1595184513.865117	36
1595184514.869129	36
1595184515.876765	36
1595184516.879769	36
1595184517.882834	36
1595184518.887073	37
1595184519.890156	36
1595184520.894405	36
1595184521.897365	37
1595184522.901388	36
1595184523.909010	37
1595184524.912015	37
1595184525.916319	37
1595184526.919328	35
1595184527.923660	37
1595184528.926652	35
1595184529.930861	35
1595184530.933616	36
1595184531.937614	36
1595184532.945259	36
1595184533.948260	36
1595184534.952580	35
1595184535.955566	36
1595184536.958640	35
1595184537.962895	35
1595184538.965890	35
1595184539.970091	35
1595184540.974083	35
1595184541.976887	35
1595184542.984496	35
1595184543.987496	35
1595184544.991840	35
1595184545.994813	35
1595184546.999062	35
1595184548.002145	35
1595184549.006391	35
1595184550.009350	36
1595184551.013358	35
1595184552.021001	35
1595184553.023998	35
1595184554.028245	35
1595184555.031318	35
1595184556.034306	35
1595184557.038630	35
1595184558.041633	35
1595184559.045884	35
1595184560.048858	35
1595184561.052856	35
1595184562.060494	35
1595184563.063491	35
1595184564.067731	35
1595184565.070799	35
1595184566.075045	35
1595184567.078126	35
1595184568.081124	35
1595184569.085373	35
1595184570.089571	35
1595184571.092321	35
1595184572.099982	35
1595184573.102988	35
1595184574.107234	35
1595184575.110301	35
1595184576.114548	35
1595184577.117546	35
1595184578.121874	35
1595184579.124868	35
1595184580.129091	35
1595184581.131823	35
1595184582.139471	36
1595184583.142484	35
1595184584.146729	35
1595184585.149805	35
1595184586.154037	35
1595184587.157117	35
1595184588.161366	35
1595184589.164362	35
1595184590.168591	35
1595184591.171329	35
1595184592.178970	35
1595184593.183225	35
1595184594.186220	35
1595184595.189283	35
1595184596.193547	35
1595184597.196608	35
1595184598.200860	35
1595184599.203851	34
1595184600.208056	34
1595184601.210857	34
1595184602.214831	35
1595184603.222464	35
1595184604.225463	35
1595184605.229787	35
1595184606.232782	35
1595184607.237103	35
1595184608.240105	35
1595184609.244350	35
1595184610.247314	35
1595184611.251303	35
1595184612.258953	35
1595184613.261963	36
1595184614.264956	36
1595184615.269275	35
1595184616.272295	35
1595184617.276590	35
1595184618.279586	35
1595184619.283825	35
1595184620.286565	35
1595184621.294193	36
1595184622.298444	35
1595184623.301447	35
1595184624.305760	35
1595184625.308759	36
1595184626.311838	36
1595184627.316083	35
1595184628.319085	35
1595184629.323309	36
1595184630.327279	35
1595184631.333688	35
1595184632.337936	35
1595184633.341006	36
1595184634.345250	35
1595184635.348325	36
1595184636.352579	36
1595184637.355576	35
1595184638.359872	36
1595184639.362562	36
1595184640.370193	36
1595184641.373190	36
1595184642.377502	36
1595184643.380539	36
1595184644.384946	35
1595184645.387948	36
1595184646.392198	35
1595184647.395165	36
1595184648.399152	36
1595184649.406805	36
1595184650.409802	36
1595184651.412869	36
1595184652.417114	35
1595184653.420118	35
1595184654.424441	36
1595184655.427438	36
1595184656.431637	36
1595184657.434386	36
1595184658.442045	36
1595184659.446294	36
1595184660.449361	36
1595184661.453614	36
1595184662.456687	36
1595184663.459758	36
1595184664.463915	37
1595184665.467885	37
1595184666.474287	37
1595184667.478540	37
1595184668.481610	37
1595184669.485856	37
1595184670.488930	36
1595184671.493179	37
1595184672.496129	34
1595184673.500144	37
1595184674.507784	35
1595184675.510816	37
1595184676.515102	37
1595184677.518100	36
1595184678.521101	36
1595184679.525422	37
1595184680.528421	37
1595184681.532626	37
1595184682.540281	37
1595184683.543282	37
1595184684.547597	37
1595184685.550598	37
1595184686.553602	36
1595184687.557918	36
1595184688.560923	36
1595184689.565142	37
1595184690.569135	36
1595184691.575521	37
1595184692.579775	36
1595184693.582840	36
1595184694.587090	36
1595184695.590168	36
1595184696.594448	35
1595184697.597381	35
1595184698.601385	36
1595184699.609023	35
1595184700.612021	36
1595184701.615017	36
1595184702.619336	35
1595184703.622340	36
1595184704.626665	35
1595184705.629738	35
1595184706.633911	36
1595184707.636889	35
1595184708.640862	36
1595184709.648520	35
1595184710.651547	36
1595184711.655830	35
1595184712.658827	35
1595184713.661831	36
1595184714.666150	35
1595184715.669152	35
1595184716.673370	35
1595184717.677358	36
1595184718.683754	36
1595184719.688006	36
1595184720.691008	35
1595184721.695323	35
1595184722.698321	35
1595184723.701523	35
1595184724.705778	36
1595184725.708774	36
1595184726.712996	35
1595184727.717007	35
1595184728.723380	35
1595184729.727624	35
1595184730.730693	36
1595184731.734936	35
1595184732.737936	35
1595184733.742267	36
1595184734.745262	35
1595184735.749498	35
1595184736.752215	35
1595184737.756211	35
1595184738.763869	36
1595184739.766868	36
1595184740.771185	35
1595184741.774180	35
1595184742.777181	35
1595184743.781516	35
1595184744.784503	35
1595184745.788732	35
1595184746.792732	35
1595184747.795469	35
1595184748.803115	35
1595184749.806109	35
1595184750.810454	35
1595184751.813433	35
1595184752.817673	35
1595184753.820752	35
1595184754.824998	35
1595184755.827942	35
1595184756.831966	35
1595184757.835963	35
1595184758.842380	35
1595184759.846602	35
1595184760.849669	35
1595184761.853918	35
1595184762.856916	35
1595184763.859995	35
1595184764.864241	35
1595184765.867242	36
1595184766.871465	35
1595184767.875452	35
1595184768.881849	36
1595184769.886091	35
1595184770.889162	35
1595184771.893418	35
1595184772.896412	36
1595184773.900740	36
1595184774.903739	35
1595184775.907938	35
1595184776.910702	35
1595184777.914689	35
1595184778.922344	35
1595184779.925340	35
1595184780.929735	35
1595184781.932660	35
1595184782.935779	35
1595184783.940107	35
1595184784.943107	36
1595184785.947309	35
1595184786.951360	35
1595184787.954076	36
1595184788.961742	35
1595184789.964715	36
1595184790.969031	35
1595184791.972027	35
1595184792.976346	36
1595184793.979346	35
1595184794.983610	35
1595184795.986574	35
1595184796.990570	35
1595184797.998200	36
1595184799.001208	35
1595184800.004203	35
1595184801.008517	35
1595184802.011517	36
1595184803.015842	35
1595184804.018841	35
1595184805.023095	35
1595184806.026057	35
1595184807.030071	36
1595184808.037695	35
1595184809.040700	36
1595184810.044945	35
1595184811.048010	36
1595184812.051044	35
1595184813.055333	35
1595184814.058328	35
1595184815.062588	36
1595184816.065536	35
1595184817.069537	36
1595184818.077191	37
1595184819.080194	37
1595184820.084506	36
1595184821.087505	36
1595184822.091832	35
1595184823.094830	36
1595184824.097831	36
1595184825.102066	36
1595184826.106052	35
1595184827.112437	36
1595184828.116684	36
1595184829.119855	36
1595184830.123999	36
1595184831.127075	36
1595184832.131325	36
1595184833.134304	36
1595184834.138276	35
1595184835.142295	37
1595184836.148678	37
1595184837.152932	35
1595184838.155993	37
1595184839.160245	35
1595184840.163349	37
1595184841.167574	37
1595184842.170516	37
1595184843.174515	36
1595184844.182171	37
1595184845.185171	37
1595184846.188235	37
1595184847.192487	37
1595184848.195598	37
1595184849.199810	37
1595184850.202814	37
1595184851.207016	37
1595184852.214670	37
1595184853.217667	37
1595184854.220670	36
1595184855.224982	36
1595184856.227981	37
1595184857.232307	37
1595184858.235308	37
1595184859.239518	37
1595184860.243522	37
1595184861.249916	37
1595184862.254187	37
1595184863.257228	37
1595184864.261479	37
1595184865.264552	37
1595184866.267547	37
1595184867.271737	37
1595184868.275768	37
1595184869.282185	37
1595184870.286405	35
1595184871.289471	37
1595184872.293720	37
1595184873.296794	35
1595184874.301045	37
1595184875.304023	37
1595184876.307994	37
1595184877.315651	37
1595184878.318651	37
1595184879.322970	37
1595184880.325968	37
1595184881.329037	37
1595184882.333291	37
1595184883.337466	37
1595184884.340235	36
1595184885.347899	37
1595184886.350899	36
1595184887.355209	35
1595184888.358209	37
1595184889.362540	37
1595184890.365534	36
1595184891.369870	35
1595184892.372726	36
1595184893.376720	36
1595184894.384417	37
1595184895.387385	37
1595184896.390460	36
1595184897.394703	37
1595184898.397778	36
1595184899.402028	35
1595184900.404997	36
1595184901.409026	36
1595184902.416634	35
1595184903.419704	37
1595184904.423880	35
1595184905.426949	37
1595184906.431203	36
1595184907.434273	36
1595184908.437270	36
1595184909.441455	36
1595184910.445492	36
1595184911.448221	35
1595184912.455876	36
1595184913.460131	36
1595184914.463196	36
1595184915.466193	36
1595184916.470540	37
1595184917.473518	36
1595184918.477734	36
1595184919.481745	36
1595184920.488122	37
1595184921.492399	36
1595184922.495371	35
1595184923.499807	35
1595184924.502690	36
1595184925.507012	36
1595184926.510014	35
1595184927.513010	35
1595184928.517278	36
1595184929.521203	35
1595184930.527617	35
1595184931.531866	35
1595184932.534864	36
1595184933.539180	35
1595184934.542184	36
1595184935.546504	35
1595184936.549503	36
1595184937.553791	35
1595184938.556701	35
1595184939.560698	35
1595184940.568386	35
1595184941.571365	35
1595184942.574432	36
1595184943.578681	35
1595184944.581692	36
1595184945.586011	36
1595184946.589019	36
1595184947.593251	36
1595184948.595959	36
1595184949.600042	36
1595184950.607613	35
1595184951.610607	36
1595184952.614927	36
1595184953.617924	36
1595184954.622256	35
1595184955.625252	35
1595184956.628252	36
1595184957.632467	36
1595184958.636467	35
1595184959.642854	35
1595184960.647100	36
1595184961.650126	35
1595184962.654419	36
1595184963.657418	36
1595184964.661762	35
1595184965.664752	35
1595184966.669007	36
1595184967.671996	35
1595184968.675972	35
1595184969.683604	36
1595184970.686602	35
1595184971.689746	36
1595184972.693918	36
1595184973.696923	35
1595184974.701262	35
1595184975.704521	35
1595184976.708760	35
1595184977.711522	36
1595184978.715519	36
1595184979.723152	35
1595184980.726155	36
1595184981.730490	36
1595184982.733494	35
1595184983.736579	36
1595184984.740869	36
1595184985.743857	35
1595184986.748095	36
1595184987.752081	34
1595184988.758476	36
1595184989.762741	36
1595184990.765736	36
1595184991.770066	35
1595184992.773096	36
1595184993.777402	35
1595184994.780417	35
1595184995.784653	35
1595184996.787404	35
1595184997.791416	35
1595184998.799046	36
1595184999.802089	35
1595185000.806384	36
1595185001.809436	36
1595185002.812483	36
1595185003.816735	36
1595185004.819816	35
1595185005.823987	37
1595185006.827995	35
1595185007.834381	35
1595185008.838617	35
1595185009.841630	36
1595185010.845957	36
1595185011.848957	36
1595185012.853300	35
1595185013.856298	35
1595185014.860531	36
1595185015.863313	35
1595185016.870934	36
1595185017.873938	35
1595185018.878197	36
1595185019.881275	35
1595185020.885525	36
1595185021.888610	36
1595185022.892870	36
1595185023.895821	35
1595185024.899926	35
1595185025.903875	35
1595185026.910258	36
1595185027.914513	36
1595185028.917617	35
1595185029.921849	37
1595185030.924926	36
1595185031.929185	36
1595185032.932193	36
1595185033.936385	35
1595185034.939198	34
1595185035.946849	35
1595185036.949832	35
1595185037.954085	36
1595185038.957164	36
1595185039.961453	36
1595185040.964505	35
1595185041.968756	36
1595185042.971721	36
1595185043.975732	35
1595185044.979870	35
1595185045.986167	36
1595185046.990434	37
1595185047.993479	36
1595185048.997733	35
1595185050.000818	37
1595185051.005103	36
1595185052.008068	37
1595185053.012054	36
1595185054.019708	35
1595185055.022711	37
1595185056.025777	36
1595185057.030070	36
1595185058.033046	35
1595185059.037370	35
1595185060.040383	36
1595185061.044623	37
1595185062.047374	35
1595185063.055005	37
1595185064.059267	36
1595185065.062344	35
1595185066.066602	37
1595185067.069717	34
1595185068.072689	37
1595185069.076945	37
1595185070.081175	37
1595185071.083923	36
1595185072.091699	35
1595185073.094702	36
1595185074.099031	37
1595185075.102038	37
1595185076.106367	37
1595185077.109375	37
1595185078.113578	37
1595185079.116336	37
1595185080.124000	37
1595185081.127009	35
1595185082.131335	35
1595185083.134371	37
1595185084.138689	37
1595185085.141689	37
1595185086.145918	36
1595185087.148717	36
1595185088.156305	37
1595185089.160569	37
1595185090.163642	35
1595185091.167897	35
1595185092.170983	37
1595185093.173995	38
1595185094.178216	38
1595185095.182247	35
1595185096.188612	38
1595185097.192873	35
1595185098.196075	37
1595185099.200336	37
1595185100.203415	37
1595185101.207669	37
1595185102.210621	37
1595185103.214678	37
1595185104.222289	37
1595185105.225293	37
1595185106.228399	37
1595185107.232627	37
1595185108.235718	35
1595185109.239973	37
1595185110.242960	37
1595185111.246960	37
1595185112.254588	36
1595185113.257595	37
1595185114.261955	36
1595185115.264927	35
1595185116.269270	37
1595185117.272269	35
1595185118.276497	35
1595185119.279261	35
1595185120.283269	36
1595185121.290896	36
1595185122.293901	35
1595185123.298224	36
1595185124.301239	35
1595185125.304244	35
1595185126.308581	36
1595185127.311588	36
1595185128.315804	36
1595185129.319909	37
1595185130.326196	36
1595185131.330466	35
1595185132.333532	35
1595185133.337795	37
1595185134.340880	35
1595185135.345137	36
1595185136.348135	35
1595185137.352379	35
1595185138.355119	35
1595185139.362754	36
1595185140.365757	36
1595185141.370092	36
1595185142.373098	35
1595185143.377345	36
1595185144.380437	35
1595185145.384680	35
1595185146.387674	35
1595185147.391673	35
1595185148.395674	35
1595185149.402066	36
1595185150.406320	35
1595185151.409393	35
1595185152.413650	36
1595185153.416734	36
1595185154.420992	36
1595185155.424017	36
1595185156.428219	34
1595185157.430965	36
1595185158.438611	35
1595185159.441623	36
1595185160.445945	36
1595185161.448953	35
1595185162.453209	36
1595185163.456298	36
1595185164.460559	35
1595185165.463554	35
1595185166.467546	36
1595185167.475178	36
1595185168.478182	36
1595185169.482437	36
1595185170.485510	36
1595185171.488516	36
1595185172.492850	36
1595185173.495850	35
1595185174.500086	35
1595185175.504082	35
1595185176.506864	36
1595185177.514477	35
1595185178.517482	35
1595185179.521811	36
1595185180.524814	36
1595185181.529151	36
1595185182.532157	36
1595185183.536412	36
1595185184.539377	36
1595185185.543385	36
1595185186.551024	36
1595185187.554026	34
1595185188.557100	35
1595185189.561368	35
1595185190.564371	36
1595185191.568703	36
1595185192.571739	36
1595185193.575924	35
1595185194.580051	35
1595185195.586330	35
1595185196.590588	35
1595185197.593617	36
1595185198.597915	35
1595185199.600923	36
1595185200.604003	35
1595185201.608256	35
1595185202.611264	37
1595185203.615480	35
1595185204.619505	35
1595185205.625880	36
1595185206.630143	36
1595185207.633214	35
1595185208.637465	35
1595185209.640478	34
1595185210.644807	36
1595185211.647811	36
1595185212.652031	35
1595185213.654793	35
1595185214.658801	35
1595185215.666442	35
1595185216.669444	35
1595185217.673766	35
1595185218.676770	36
1595185219.679853	36
1595185220.684223	36
1595185221.687232	36
1595185222.691454	35
1595185223.695457	36
1595185224.701851	36
1595185225.706102	36
1595185226.709186	36
1595185227.713443	35
1595185228.716526	36
1595185229.719531	36
1595185230.723793	36
1595185231.728053	35
1595185232.730787	35
1595185233.738427	36
1595185234.741432	36
1595185235.745738	36
1595185236.748729	36
1595185237.753008	36
1595185238.756068	36
1595185239.760348	36
1595185240.763297	36
1595185241.767312	36
1595185242.774938	35
1595185243.777959	35
1595185244.780942	36
1595185245.785264	36
1595185246.788309	36
1595185247.792602	35
1595185248.795605	36
1595185249.799930	36
1595185250.803853	36
1595185251.810231	35
1595185252.814479	36
1595185253.817557	36
1595185254.821816	35
1595185255.824820	37
1595185256.827894	36
1595185257.832158	36
1595185258.836387	36
1595185259.839124	35
1595185260.846775	35
1595185261.849792	37
1595185262.854036	35
1595185263.857109	36
1595185264.861366	36
1595185265.864441	36
1595185266.868751	36
1595185267.871698	36
1595185268.875681	35
1595185269.883327	36
1595185270.886327	36
1595185271.889318	35
1595185272.893646	35
1595185273.896650	36
1595185274.900984	36
1595185275.903985	37
1595185276.908199	36
1595185277.912191	37
1595185278.918616	36
1595185279.922871	36
1595185280.925939	35
1595185281.930198	36
1595185282.933200	35
1595185283.936283	37
1595185284.940534	37
1595185285.944783	36
1595185286.947542	36
1595185287.955154	36
1595185288.958161	37
1595185289.962505	35
1595185290.965483	35
1595185291.969748	36
1595185292.972822	37
1595185293.977074	36
1595185294.980057	35
1595185295.984039	36
1595185296.991699	35
1595185297.994701	36
1595185298.997770	36
1595185300.002030	37
1595185301.005107	37
1595185302.009357	35
1595185303.012342	36
1595185304.016353	35
1595185305.023980	37
1595185306.026987	38
1595185307.031338	37
1595185308.034312	37
1595185309.038558	35
1595185310.041647	36
1595185311.044647	35
1595185312.049017	35
1595185313.052996	35
1595185314.059388	36
1595185315.063645	35
1595185316.066672	35
1595185317.070972	35
1595185318.073973	37
1595185319.078301	37
1595185320.081304	37
1595185321.085573	35
1595185322.088330	35
1595185323.095924	35
1595185324.098927	36
1595185325.103212	35
1595185326.106256	36
1595185327.110512	35
1595185328.113597	37
1595185329.117848	37
1595185330.120812	37
1595185331.124804	38
1595185332.132468	37
1595185333.135530	37
1595185334.139825	37
1595185335.142820	35
1595185336.147125	37
1595185337.150137	35
1595185338.154334	35
1595185339.157148	36
1595185340.164748	38
1595185341.167752	35
1595185342.172075	37
1595185343.175077	37
1595185344.179405	36
1595185345.182415	38
1595185346.186637	38
1595185347.189533	37
1595185348.197155	35
1595185349.201413	35
1595185350.204490	35
1595185351.207490	36
1595185352.211831	36
1595185353.214822	35
1595185354.219091	37
1595185355.222048	35
1595185356.226044	37
1595185357.233693	35
1595185358.236698	35
1595185359.241058	35
1595185360.244028	37
1595185361.248389	37
1595185362.251369	35
1595185363.255599	36
1595185364.258341	35
1595185365.262339	36
1595185366.270008	37
1595185367.273017	36
1595185368.276058	36
1595185369.280193	38
1595185370.283275	37
1595185371.287526	37
1595185372.291745	36
1595185373.294501	36
1595185374.302142	35
1595185375.305149	37
1595185376.309475	37
1595185377.312480	37
1595185378.316808	35
1595185379.319895	36
1595185380.324029	35
1595185381.326822	35
1595185382.330781	35
1595185383.338424	36
1595185384.341437	37
1595185385.345748	38
1595185386.348752	37
1595185387.353095	36
1595185388.356091	36
1595185389.360348	35
1595185390.363079	36
1595185391.370716	35
1595185392.373713	36
1595185393.378032	35
1595185394.381043	36
1595185395.385295	36
1595185396.388437	36
1595185397.392681	35
1595185398.395646	36
1595185399.399791	35
1595185400.407269	35
1595185401.410308	36
1595185402.414529	35
1595185403.417621	36
1595185404.420629	35
1595185405.424961	36
1595185406.427963	36
1595185407.432192	36
1595185408.436205	36
1595185409.438922	36
1595185410.446558	36
1595185411.449563	36
1595185412.453909	35
1595185413.456909	37
1595185414.461252	36
1595185415.464246	36
1595185416.468454	36
1595185417.472487	36
1595185418.478836	36
1595185419.483124	35
1595185420.486094	36
1595185421.490440	35
1595185422.493453	35
1595185423.496447	34
1595185424.500780	35
1595185425.503786	36
1595185426.508020	35
1595185427.512005	35
1595185428.518372	35
1595185429.522630	35
1595185430.525627	36
1595185431.529979	36
1595185432.532978	36
1595185433.537306	35
1595185434.540315	36
1595185435.544544	36
1595185436.547267	36
1595185437.551288	35
1595185438.558909	36
1595185439.561915	36
1595185440.566256	36
1595185441.569259	36
1595185442.572346	36
1595185443.576593	35
1595185444.580817	37
1595185445.583547	36
1595185446.591198	36
1595185447.594190	35
1595185448.598443	37
1595185449.601542	36
1595185450.605791	36
1595185451.608866	35
1595185452.613128	35
1595185453.616091	36
1595185454.620133	37
1595185455.627717	36
1595185456.630723	36
1595185457.633793	36
1595185458.638046	36
1595185459.641076	36
1595185460.645435	35
1595185461.648405	35
1595185462.652623	35
1595185463.655371	35
1595185464.659397	35
1595185465.667032	36
1595185466.670004	36
1595185467.674346	36
1595185468.677355	36
1595185469.681731	36
1595185470.684685	36
1595185471.688912	36
1595185472.691639	36
1595185473.699277	36
1595185474.703533	36
1595185475.706533	36
1595185476.709741	36
1595185477.713880	36
1595185478.716958	36
1595185479.721216	36
1595185480.724165	36
1595185481.728187	36
1595185482.735807	36
1595185483.738808	36
1595185484.743067	36
1595185485.746158	36
1595185486.750413	35
1595185487.753490	36
1595185488.756501	36
1595185489.760724	35
1595185490.764700	36
1595185491.771113	37
1595185492.775336	36
1595185493.778340	35
1595185494.782687	36
1595185495.785688	35
1595185496.790023	35
1595185497.793024	35
1595185498.797274	36
1595185499.800230	35
1595185500.804237	36
1595185501.811868	36
1595185502.814867	36
1595185503.817963	35
1595185504.822245	36
1595185505.825331	36
1595185506.829776	35
1595185507.832677	36
1595185508.836891	36
1595185509.839753	35
1595185510.847267	36
1595185511.851524	35
1595185512.854615	36
1595185513.857618	35
1595185514.861877	36
1595185515.865077	36
1595185516.869330	36
1595185517.872302	36
1595185518.876329	36
1595185519.883931	36
1595185520.886930	35
1595185521.891186	36
1595185522.894278	36
1595185523.897271	36
1595185524.901603	36
1595185525.904605	35
1595185526.908834	36
1595185527.912835	35
1595185528.919200	36
1595185529.923453	35
1595185530.926454	36
1595185531.930798	35
1595185532.933801	37
1595185533.938130	36
1595185534.941166	36
1595185535.945329	36
1595185536.948087	36
1595185537.952124	36
1595185538.959784	35
1595185539.962731	36
1595185540.967074	35
1595185541.970081	35
1595185542.973110	35
1595185543.977382	35
1595185544.980362	37
1595185545.984563	37
1595185546.988587	37
1595185547.994970	37
1595185548.999221	35
1595185550.002331	36
1595185551.006543	36
1595185552.009693	36
1595185553.013889	37
1595185554.016847	37
1595185555.020849	36
1595185556.028487	35
1595185557.031495	36
1595185558.034495	36
1595185559.038817	38
1595185560.041826	36
1595185561.046149	37
1595185562.049154	36
1595185563.053387	36
1595185564.056133	35
1595185565.063761	36
1595185566.068015	36
1595185567.071023	36
1595185568.075340	38
1595185569.078426	38
1595185570.081437	36
1595185571.085672	36
1595185572.088623	38
1595185573.092637	36
1595185574.100287	36
1595185575.103293	37
1595185576.107635	36
1595185577.110618	38
1595185578.114961	36
1595185579.117952	36
1595185580.122180	36
1595185581.124907	37
1595185582.132563	35
1595185583.135557	36
1595185584.139814	35
1595185585.142899	36
1595185586.147137	36
1595185587.150220	38
1595185588.154508	35
1595185589.157438	36
1595185590.161437	36
1595185591.165468	35
1595185592.171836	38
1595185593.176099	36
1595185594.179164	38
1595185595.183495	38
1595185596.186497	35
1595185597.190743	36
1595185598.193740	36
1595185599.197719	35
1595185600.205358	35
1595185601.208367	36
1595185602.211429	38
1595185603.215683	38
1595185604.218759	36
1595185605.223013	36
1595185606.226024	36
1595185607.230260	38
1595185608.234233	35
1595185609.240658	35
1595185610.244882	36
1595185611.247956	38
1595185612.252218	36
1595185613.255288	36
1595185614.258281	36
1595185615.262548	35
1595185616.266788	38
1595185617.269512	35
1595185618.277151	36
1595185619.280162	35
1595185620.284476	37
1595185621.287486	35
1595185622.291743	35
1595185623.294816	35
1595185624.299062	35
1595185625.302047	35
1595185626.306068	35
1595185627.310102	35
1595185628.316426	37
1595185629.320750	38
1595185630.323747	37
1595185631.328088	38
1595185632.331088	37
1595185633.335358	35
1595185634.338056	36
1595185635.345725	38
1595185636.348707	35
1595185637.352954	37
1595185638.356019	36
1595185639.360286	35
1595185640.363350	36
1595185641.367606	36
1595185642.370578	35
1595185643.374559	36
1595185644.378580	36
1595185645.384957	36
1595185646.389217	36
1595185647.392297	36
1595185648.396543	36
1595185649.399809	36
1595185650.402750	36
1595185651.407001	35
1595185652.411212	36
1595185653.413958	35
1595185654.421618	35
1595185655.424617	36
1595185656.428938	36
1595185657.431944	36
1595185658.436194	36
1595185659.439273	35
1595185660.443525	37
1595185661.446505	36
1595185662.450479	35
1595185663.453238	35
1595185664.460893	35
1595185665.465140	36
1595185666.468210	36
1595185667.472467	36
1595185668.475538	36
1595185669.478543	36
1595185670.482797	35
1595185671.485792	38
1595185672.489865	36
1595185673.497414	37
1595185674.500424	35
1595185675.504738	36
1595185676.507765	36
1595185677.512072	35
1595185678.515071	37
1595185679.519321	36
1595185680.522291	36
1595185681.526348	37
1595185682.533966	36
1595185683.536940	36
1595185684.540015	36
1595185685.544261	35
1595185686.547370	36
1595185687.551716	36
1595185688.554710	36
1595185689.558935	37
1595185690.561699	35
1595185691.569331	36
1595185692.573588	36
1595185693.576654	37
1595185694.579727	37
1595185695.583979	36
1595185696.586988	36
1595185697.591204	35
1595185698.595208	35
1595185699.597989	35
1595185700.605596	36
1595185701.608600	35
1595185702.612924	36
1595185703.615925	36
1595185704.620181	36
1595185705.623257	36
1595185706.627514	36
1595185707.630480	36
1595185708.634496	36
1595185709.642118	35
1595185710.645118	36
1595185711.648119	34
1595185712.652444	35
1595185713.655446	36
1595185714.659838	37
1595185715.662783	36
1595185716.667026	37
1595185717.670999	36
1595185718.677391	37
1595185719.681649	36
1595185720.684644	36
1595185721.688966	36
1595185722.691970	36
1595185723.695042	36
1595185724.699298	36
1595185725.703521	37
1595185726.706301	37
1595185727.713912	36
1595185728.716931	36
1595185729.721165	35
1595185730.724236	36
1595185731.728487	36
1595185732.731574	36
1595185733.735818	35
1595185734.738807	36
1595185735.742795	36
1595185736.750432	36
1595185737.753434	37
1595185738.756429	35
1595185739.760757	35
1595185740.763756	35
1595185741.768084	35
1595185742.771118	36
1595185743.775299	36
1595185744.779302	35
1595185745.782049	36
1595185746.789731	35
1595185747.792700	36
1595185748.797021	36
1595185749.800034	36
1595185750.804355	36
1595185751.807355	36
1595185752.811614	36
1595185753.814564	36
1595185754.818587	35
1595185755.826215	36
1595185756.829218	35
1595185757.832296	35
1595185758.836726	37
1595185759.839753	36
1595185760.843997	37
1595185761.847003	35
1595185762.851227	37
1595185763.853991	35
1595185764.861747	37
1595185765.864741	36
1595185766.869066	36
1595185767.872089	36
1595185768.876315	36
1595185769.879392	36
1595185770.883650	37
1595185771.886634	36
1595185772.890611	36
1595185773.898249	37
1595185774.901255	36
1595185775.905576	36
1595185776.908577	36
1595185777.911689	37
1595185778.915909	36
1595185779.920125	37
1595185780.922904	35
1595185781.926882	36
1595185782.934523	36
1595185783.937521	36
1595185784.940595	36
1595185785.944845	36
1595185786.947928	36
1595185787.952201	37
1595185788.955160	35
1595185789.959154	36
1595185790.966784	36
1595185791.969791	36
1595185792.974038	36
1595185793.977111	36
1595185794.981366	36
1595185795.984480	36
1595185796.987451	36
1595185797.991672	36
1595185798.995714	36
1595185800.002063	36
1595185801.015780	37
1595185802.009312	35
1595185803.013639	37
1595185804.016635	36
1595185805.020971	36
1595185806.023968	36
1595185807.028193	36
1595185808.030927	35
1595185809.038567	36
1595185810.042820	35
1595185811.045820	36
1595185812.048897	38
1595185813.053162	35
1595185814.056227	36
1595185815.060512	34
1595185816.063472	37
1595185817.067440	36
1595185818.075083	36
1595185819.078089	36
1595185820.082340	35
1595185821.085412	36
1595185822.089734	37
1595185823.092743	36
1595185824.095752	35
1595185825.100065	36
1595185826.103990	36
1595185827.110363	38
1595185828.114596	36
1595185829.117680	37
1595185830.121938	37
1595185831.125048	37
1595185832.129269	37
1595185833.132235	36
1595185834.136226	36
1595185835.143866	36
1595185836.146865	38
1595185837.151192	36
1595185838.154197	37
1595185839.157200	36
1595185840.161534	36
1595185841.164534	36
1595185842.168757	35
1595185843.172754	36
1595185844.179136	36
1595185845.183392	36
1595185846.186461	35
1595185847.190720	38
1595185848.193716	36
1595185849.198044	38
1595185850.201075	36
1595185851.205275	37
1595185852.208057	36
1595185853.215649	36
1595185854.218649	36
1595185855.222976	38
1595185856.225971	36
1595185857.230300	36
1595185858.233330	34
1595185859.237495	36
1595185860.241487	38
1595185861.247904	36
1595185862.252159	36
1595185863.255233	37
1595185864.259483	37
1595185865.262561	36
1595185866.265564	36
1595185867.269831	36
1595185868.274033	36
1595185869.276737	36
1595185870.284422	38
1595185871.287426	35
1595185872.291748	36
1595185873.294744	35
1595185874.299078	36
1595185875.302095	36
1595185876.306337	36
1595185877.309265	37
1595185878.313258	36
1595185879.320947	36
1595185880.323936	35
1595185881.327013	38
1595185882.331267	36
1595185883.334350	36
1595185884.338595	39
1595185885.341579	38
1595185886.345582	36
1595185887.353231	35
1595185888.356334	38
1595185889.360533	39
1595185890.363618	38
1595185891.367859	36
1595185892.370827	36
1595185893.374833	37
1595185894.382464	39
1595185895.385459	38
1595185896.388534	37
1595185897.392815	38
1595185898.395868	36
1595185899.400123	36
1595185900.403053	36
1595185901.406876	38
1595185902.414725	38
1595185903.417648	38
1595185904.422072	36
1595185905.425052	35
1595185906.429385	36
1595185907.432387	36
1595185908.436615	36
1595185909.439348	38
1595185910.447002	36
1595185911.449994	37
1595185912.454313	36
1595185913.457311	36
1595185914.461648	36
1595185915.464645	38
1595185916.468872	36
1595185917.472851	36
1595185918.479252	38
1595185919.483503	36
1595185920.486572	39
1595185921.490859	36
1595185922.493901	36
1595185923.496901	38
1595185924.501111	36
1595185925.505092	38
1595185926.511767	38
1595185927.516015	36
1595185928.519106	38
1595185929.523336	36
1595185930.526410	36
1595185931.529412	37
1595185932.533621	36
1595185933.537625	38
1595185934.544020	36
1595185935.548275	36
1595185936.551351	38
1595185937.555594	36
1595185938.558674	36
1595185939.562928	36
1595185940.565873	36
1595185941.569977	36
1595185942.577527	36
1595185943.580538	36
1595185944.584854	38
1595185945.587856	38
1595185946.590935	38
1595185947.595186	36
1595185948.599431	36
1595185949.605792	38
1595185950.610049	38
1595185951.613118	38
1595185952.617362	36
1595185953.620445	38
1595185954.623445	37
1595185955.627768	36
1595185956.631672	37
1595185957.638047	38
1595185958.642311	36
1595185959.645375	36
1595185960.649691	36
1595185961.652706	37
1595185962.656954	37
1595185963.659992	36
1595185964.663921	38
1595185965.671569	38
1595185966.674566	37
1595185967.678888	36
1595185968.681892	36
1595185969.684973	37
1595185970.689214	36
1595185971.693463	37
1595185972.696187	36
1595185973.703831	35
1595185974.706829	36
1595185975.711157	37
1595185976.714159	36
1595185977.718479	36
1595185978.721491	36
1595185979.725704	38
1595185980.728448	37
1595185981.736099	36
1595185982.740354	35
1595185983.743419	37
1595185984.746418	36
1595185985.750753	36
1595185986.753743	35
1595185987.758025	37
1595185988.761931	37
1595185989.768354	36
1595185990.772614	36
1595185991.775601	37
1595185992.779935	36
1595185993.782935	36
1595185994.787252	36
1595185995.790265	35
1595185996.794443	38
1595185997.797248	35
1595185998.804872	35
1595185999.807875	36
1595186000.812066	38
1595186001.815063	38
1595186002.819518	36
1595186003.822520	36
1595186004.826663	35
1595186005.830723	37
1595186006.837128	36
1595186007.841385	36
1595186008.844450	37
1595186009.848698	35
1595186010.851776	37
1595186011.856027	36
1595186012.859034	36
1595186013.863189	38
1595186014.869702	37
1595186015.873889	37
1595186016.876959	37
1595186017.881220	36
1595186018.884208	37
1595186019.888531	36
1595186020.891540	36
1595186021.895718	36
1595186022.898553	36
1595186023.906282	36
1595186024.909280	36
1595186025.913598	36
1595186026.916598	35
1595186027.920856	36
1595186028.923924	36
1595186029.928179	36
1595186030.931073	37
1595186031.935080	35
1595186032.942793	36
1595186033.945790	35
1595186034.948856	35
1595186035.953115	37
1595186036.956110	36
1595186037.960441	37
1595186038.963425	37
1595186039.967388	37
1595186040.975048	36
1595186041.978058	36
1595186042.982311	36
1595186043.985369	36
1595186044.989690	37
1595186045.992696	37
1595186046.995695	37
1595186047.999987	36
1595186049.003874	37
1595186050.010312	37
1595186051.014562	36
1595186052.017630	35
1595186053.021888	37
1595186054.024959	36
1595186055.029217	36
1595186056.032163	37
1595186057.036156	37
1595186058.043825	36
1595186059.046827	36
1595186060.051143	36
1595186061.054140	37
1595186062.057217	36
1595186063.061474	36
1595186064.064467	36
1595186065.068618	36
1595186066.072660	35
1595186067.079079	36
1595186068.083340	36
1595186069.086405	36
1595186070.090656	36
1595186071.093732	36
1595186072.097984	36
1595186073.100985	36
1595186074.105136	36
1595186075.107946	37
1595186076.115596	37
1595186077.118593	36
1595186078.122917	37
1595186079.125913	37
1595186080.130247	35
1595186081.133245	36
1595186082.137383	36
1595186083.140215	37
1595186084.147853	37
1595186085.152108	36
1595186086.155171	36
1595186087.159423	35
1595186088.162504	37
1595186089.165498	36
1595186090.169788	36
1595186091.173679	37
1595186092.180114	36
1595186093.184368	36
1595186094.187430	37
1595186095.191688	37
1595186096.194765	36
1595186097.199010	35
1595186098.202024	38
1595186099.206190	37
1595186100.209002	37
1595186101.216626	36
1595186102.220880	36
1595186103.223945	38
1595186104.227014	38
1595186105.231274	36
1595186106.234267	36
1595186107.238470	36
1595186108.242510	37
1595186109.248881	36
1595186110.253264	37
1595186111.256326	36
1595186112.260585	36
1595186113.263665	36
1595186114.266655	36
1595186115.270901	36
1595186116.274886	35
1595186117.281271	36
1595186118.285554	36
1595186119.288517	37
1595186120.292838	37
1595186121.295829	36
1595186122.300163	36
1595186123.303163	36
1595186124.307303	36
1595186125.310093	36
1595186126.317801	36
1595186127.322032	38
1595186128.325103	38
1595186129.328241	37
1595186130.332530	37
1595186131.335669	36
1595186132.339901	36
1595186133.343685	36
1595186134.350163	36
1595186135.354436	37
1595186136.357478	35
1595186137.361733	36
1595186138.364807	38
1595186139.367808	36
1595186140.372050	36
1595186141.376044	36
1595186142.382423	36
1595186143.386670	37
1595186144.389812	38
1595186145.393979	36
1595186146.397075	36
1595186147.401324	36
1595186148.404331	36
1595186149.408314	36
1595186150.416040	36
1595186151.418855	36
1595186152.423244	38
1595186153.426279	38
1595186154.429322	35
1595186155.433607	39
1595186156.437781	39
1595186157.444178	38
1595186158.448433	36
1595186159.451440	35
1595186160.455754	38
1595186161.458755	35
1595186162.461833	36
1595186163.466078	36
1595186164.470312	36
1595186165.472996	36
1595186166.480697	36
1595186167.483690	38
1595186168.488007	37
1595186169.491020	36
1595186170.495341	36
1595186171.498370	36
1595186172.502504	36
1595186173.505312	38
1595186174.512954	36
1595186175.517209	36
1595186176.520274	38
1595186177.523273	36
1595186178.527595	36
1595186179.530617	36
1595186180.534772	38
1595186181.538752	36
1595186182.545344	36
1595186183.549587	36
1595186184.552791	36
1595186185.555791	36
1595186186.560047	36
1595186187.563120	36
1595186188.567378	37
1595186189.570235	36
1595186190.574123	36
1595186191.581972	36
1595186192.584968	36
1595186193.589288	35
1595186194.592325	36
1595186195.596612	35
1595186196.599666	35
1595186197.602618	35
1595186198.606880	36
1595186199.610957	36
1595186200.617355	36
1595186201.621604	38
1595186202.624715	38
1595186203.628924	36
1595186204.632003	36
1595186205.636246	36
1595186206.639240	36
1595186207.643226	36
1595186208.650958	38
1595186209.653915	36
1595186210.657055	36
1595186211.661308	35
1595186212.664379	35
1595186213.668628	36
1595186214.671583	36
1595186215.675578	36
1595186216.683267	39
1595186217.686243	36
1595186218.690590	36
1595186219.693568	38
1595186220.697894	38
1595186221.700899	35
1595186222.705151	36
1595186223.707807	38
1595186224.715634	39
1595186225.718704	36
1595186226.722956	36
1595186227.725952	37
1595186228.730280	38
1595186229.733266	38
1595186230.737227	36
1595186231.744893	38
1595186232.747888	36
1595186233.752209	36
1595186234.755216	36
1595186235.758294	38
1595186236.762559	39
1595186237.766753	39
1595186238.773152	36
1595186239.777396	38
1595186240.780467	38
1595186241.784710	36
1595186242.787788	38
1595186243.790787	36
1595186244.794994	36
1595186245.802654	38
1595186246.805650	36
1595186247.809967	38
1595186248.812971	38
1595186249.817298	38
1595186250.820294	38
1595186251.824481	38
1595186252.830912	35
1595186253.835151	35
1595186254.838189	36
1595186255.842475	36
1595186256.845474	36
1595186257.849871	36
1595186258.852799	36
1595186259.857025	37
1595186260.859808	35
1595186261.867409	38
1595186262.871665	36
1595186263.874732	36
1595186264.877733	38
1595186265.882059	36
1595186266.885052	36
1595186267.889214	39
1595186268.893212	37
1595186269.899681	38
1595186270.903985	36
1595186271.906990	38
1595186272.911319	37
1595186273.914314	36
1595186274.918515	36
1595186275.921292	38
1595186276.928921	36
1595186277.933178	38
1595186278.936245	38
1595186279.939248	36
1595186280.943570	35
1595186281.946576	38
1595186282.950721	36
1595186283.954731	35
1595186284.961187	36
1595186285.965431	36
1595186286.968500	35
1595186287.972763	36
1595186288.975831	36
1595186289.980089	35
1595186290.983024	38
1595186291.986971	36
1595186292.989804	36
1595186293.997449	36
1595186295.001702	36
1595186296.004770	38
1595186297.007837	39
1595186298.012091	36
1595186299.016365	38
1595186300.019076	36
1595186301.026702	38
1595186302.029709	35
1595186303.034020	38
1595186304.037023	36
1595186305.041361	36
1595186306.044353	35
1595186307.048513	37
1595186308.051249	38
1595186309.058966	36
1595186310.063217	36
1595186311.066279	36
1595186312.069283	36
1595186313.073620	37
1595186314.076608	36
1595186315.080845	35
1595186316.084777	36
1595186317.091219	36
1595186318.095474	39
1595186319.098538	36
1595186320.102793	36
1595186321.105864	37
1595186322.110113	36
1595186323.113011	38
1595186324.117070	34
1595186325.124730	36
1595186326.127720	37
1595186327.130797	36
1595186328.135042	35
1595186329.138039	36
1595186330.142386	36
1595186331.145368	36
1595186332.149523	37
1595186333.153575	35
1595186334.159992	37
1595186335.164234	36
1595186336.167302	36
1595186337.171557	36
1595186338.174630	36
1595186339.177632	35
1595186340.181845	36
1595186341.185908	35
1595186342.188565	35
1595186343.196244	36
1595186344.200493	36
1595186345.203569	36
1595186346.206562	36
1595186347.210885	36
1595186348.213887	37
1595186349.218070	36
1595186350.222126	36
1595186351.228496	37
1595186352.232752	36
1595186353.235816	36
1595186354.240074	37
1595186355.243160	36
1595186356.247402	37
1595186357.250336	36
1595186358.254334	36
1595186359.262006	36
1595186360.265004	36
1595186361.268067	35
1595186362.272321	37
1595186363.275390	38
1595186364.279706	37
1595186365.282616	36
1595186366.286543	36
1595186367.294246	36
1595186368.297256	37
1595186369.301617	36
1595186370.304582	38
1595186371.308910	36
1595186372.311933	37
1595186373.316037	36
1595186374.318815	36
1595186375.326522	36
1595186376.329518	36
1595186377.333842	36
1595186378.336839	36
1595186379.341168	36
1595186380.344163	35
1595186381.348405	35
1595186382.351380	36
1595186383.355387	36
1595186384.363021	35
1595186385.366020	35
1595186386.370339	36
1595186387.373340	36
1595186388.376410	37
1595186389.380669	37
1595186390.384915	36
1595186391.387650	37
1595186392.395277	36
1595186393.398274	36
1595186394.402595	37
1595186395.405600	37
1595186396.409923	36
1595186397.412922	36
1595186398.417100	36
1595186399.419908	37
1595186400.427534	35
1595186401.431792	37
1595186402.434854	36
1595186403.437852	36
1595186404.442183	35
1595186405.445178	36
1595186406.449432	36
1595186407.452428	35
1595186408.456410	37
1595186409.464045	36
1595186410.467048	37
1595186411.471364	36
1595186412.474367	36
1595186413.478692	38
1595186414.481690	36
1595186415.485948	38
1595186416.488691	37
1595186417.496295	36
1595186418.499292	36
1595186419.503743	36
1595186420.506744	36
1595186421.511071	36
1595186422.514066	37
1595186423.518373	36
1595186424.520950	36
1595186425.528609	37
1595186426.532929	35
1595186427.535988	36
1595186428.539001	36
1595186429.543326	36
1595186430.546324	35
1595186431.550576	36
1595186432.553471	37
1595186433.557496	36
1595186434.565187	38
1595186435.568250	35
1595186436.572506	36
1595186437.575503	35
1595186438.579921	37
1595186439.582832	38
1595186440.587047	38
1595186441.593439	36
1595186442.597685	36
1595186443.600760	36
1595186444.605007	36
1595186445.608014	36
1595186446.612337	35
1595186447.615330	35
1595186448.619474	38
1595186449.622284	34
1595186450.629951	36
1595186451.634202	36
1595186452.637258	36
1595186453.640268	36
1595186454.644588	38
1595186455.647592	38
1595186456.651724	35
1595186457.655733	36
1595186458.662204	35
1595186459.666458	35
1595186460.669524	36
1595186461.673846	36
1595186462.676963	37
1595186463.680953	36
1595186464.684101	36
1595186465.688323	36
1595186466.690989	36
1595186467.698709	36
1595186468.701715	36
1595186469.706027	37
1595186470.709029	35
1595186471.713360	38
1595186472.716383	36
1595186473.720544	37
1595186474.723267	36
1595186475.730973	36
1595186476.735214	35
1595186477.738289	37
1595186478.742536	36
1595186479.745624	35
1595186480.748617	36
1595186481.752772	35
1595186482.756801	36
1595186483.763222	37
1595186484.767468	35
1595186485.770545	36
1595186486.774823	36
1595186487.777861	38
1595186488.782122	38
1595186489.785051	36
1595186490.789190	36
1595186491.796851	36
1595186492.799856	36
1595186493.802925	38
1595186494.807170	35
1595186495.810250	35
1595186496.814497	35
1595186497.817500	35
1595186498.821662	35
1595186499.824403	35
1595186500.832240	35
1595186501.836393	36
1595186502.839355	36
1595186503.843731	35
1595186504.846681	35
1595186505.849823	36
1595186506.854010	37
1595186507.858223	36
1595186508.864615	39
1595186509.868865	39
1595186510.871937	35
1595186511.876185	35
1595186512.879189	35
1595186513.882264	35
1595186514.886505	36
1595186515.890743	37
1595186516.893490	36
1595186517.901124	35
1595186518.904201	35
1595186519.908476	36
1595186520.911539	36
1595186521.915757	35
1595186522.918745	36
1595186523.922991	35
1595186524.925845	35
1595186525.930000	36
1595186526.937697	37
1595186527.940558	36
1595186528.943702	35
1595186529.947949	36
1595186530.951028	36
1595186531.955273	36
1595186532.958097	37
1595186533.962123	35
1595186534.969958	36
1595186535.972951	36
1595186536.977278	38
1595186537.980265	36
1595186538.984570	36
1595186539.987384	36
1595186540.991805	36
1595186541.994679	36
1595186542.998678	35
1595186544.006266	37
1595186545.009268	36
1595186546.012345	37
1595186547.016761	36
1595186548.019741	36
1595186549.023922	36
1595186550.026885	36
1595186551.030891	39
1595186552.038516	36
1595186553.041521	37
1595186554.045833	36
1595186555.048842	36
1595186556.053172	35
1595186557.056271	35
1595186558.060228	36
1595186559.063189	36
1595186560.070983	36
1595186561.074127	36
1595186562.078405	36
1595186563.081291	35
1595186564.085495	35
1595186565.088751	36
1595186566.091749	36
1595186567.096130	36
1595186568.100209	36
1595186569.106575	36
1595186570.110826	36
1595186571.113947	36
1595186572.117038	36
1595186573.121238	36
1595186574.124313	35
1595186575.128563	36
1595186576.131574	35
1595186577.135699	36
1595186578.143291	36
1595186579.146418	36
1595186580.149489	39
1595186581.154005	35
1595186582.157062	36
1595186583.161312	36
1595186584.164305	35
1595186585.168473	36
1595186586.171285	36
1595186587.178914	36
1595186588.183193	37
1595186589.186233	36
1595186590.189233	36
1595186591.193571	36
1595186592.196559	37
1595186593.200780	36
1595186594.204712	36
1595186595.211178	36
1595186596.215424	35
1595186597.218493	39
1595186598.222746	37
1595186599.225826	35
1595186600.230072	35
1595186601.233070	36
1595186602.237197	36
1595186603.240055	37
1595186604.247674	36
1595186605.250681	37
1595186606.254999	36
1595186607.258004	37
1595186608.262329	39
1595186609.265326	36
1595186610.269531	36
1595186611.272299	36
1595186612.279937	39
1595186613.284254	39
1595186614.287251	37
1595186615.291597	36
1595186616.294600	36
1595186617.298821	36
1595186618.301563	36
1595186619.309187	35
1595186620.312203	36
1595186621.316513	37
1595186622.319502	36
1595186623.323868	36
1595186624.326840	37
1595186625.331189	36
1595186626.334091	36
1595186627.338038	35
1595186628.345694	36
1595186629.348694	36
1595186630.351773	36
1595186631.356015	36
1595186632.359094	36
1595186633.363338	35
1595186634.366337	36
1595186635.370520	36
1595186636.374481	36
1595186637.380950	36
1595186638.385198	36
1595186639.388267	36
1595186640.392548	36
1595186641.395595	35
1595186642.398596	35
1595186643.402699	36
1595186644.407068	36
1595186645.409834	37
1595186646.417451	38
1595186647.420456	36
1595186648.424766	38
1595186649.427772	36
1595186650.432102	36
1595186651.435089	36
1595186652.439219	35
1595186653.442015	39
1595186654.449758	36
1595186655.453982	36
1595186656.457065	35
1595186657.460174	36
1595186658.464497	37
1595186659.467478	35
1595186660.471770	36
1595186661.474519	36
1595186662.478748	37
1595186663.486347	36
1595186664.489348	36
1595186665.493666	36
1595186666.496665	37
1595186667.499827	38
1595186668.504129	36
1595186669.507133	36
1595186670.511128	36
1595186671.518722	36
1595186672.521727	36
1595186673.526042	36
1595186674.529042	36
1595186675.533295	36
1595186676.536368	37
1595186677.539368	38
1595186678.543638	36
1595186679.547629	36
1595186680.555226	35
1595186681.558227	37
1595186682.561297	37
1595186683.565548	36
1595186684.568624	36
1595186685.572882	36
1595186686.575897	36
1595186687.579958	36
1595186688.583890	35
1595186689.590235	36
1595186690.594481	35
1595186691.597549	36
1595186692.601821	36
1595186693.604875	35
1595186694.609208	35
1595186695.612245	36
1595186696.616406	36
1595186697.619143	36
1595186698.626739	35
1595186699.629742	36
1595186700.634062	37
1595186701.637061	36
1595186702.641392	36
1595186703.644431	35
1595186704.648643	35
1595186705.651616	36
1595186706.655634	36
1595186707.663246	36
1595186708.666234	36
1595186709.670559	36
1595186710.673568	36
1595186711.676641	36
1595186712.680889	36
1595186713.683896	36
1595186714.688032	36
1595186715.692130	37
1595186716.698743	35
1595186717.703034	36
1595186718.706054	36
1595186719.709133	36
1595186720.713417	35
1595186721.716247	35
1595186722.720660	36
1595186723.723592	35
1595186724.727604	36
1595186725.735254	35
1595186726.738252	36
1595186727.742587	36
1595186728.745571	35
1595186729.749828	36
1595186730.752907	36
1595186731.756088	36
1595186732.760239	36
1595186733.764279	37
1595186734.770837	36
1595186735.775092	36
1595186736.778192	36
1595186737.782406	36
1595186738.785531	36
1595186739.788544	36
1595186740.792939	36
1595186741.795905	36
1595186742.800149	36
1595186743.807870	35
1595186744.810834	36
1595186745.813918	36
1595186746.818163	36
1595186747.821212	36
1595186748.825438	36
1595186749.828491	37
1595186750.832672	36
1595186751.835398	36
1595186752.843149	38
1595186753.846278	35
1595186754.850602	36
1595186755.853718	35
1595186756.858061	35
1595186757.861190	36
1595186758.865437	39
1595186759.868198	37
1595186760.875781	36
1595186761.878789	36
1595186762.883109	36
1595186763.886108	36
1595186764.890573	36
1595186765.893575	35
1595186766.897810	36
1595186767.900821	37
1595186768.904820	36
1595186769.911311	35
1595186770.915595	36
1595186771.918676	37
1595186772.922929	36
1595186773.926116	39
1595186774.929187	36
1595186775.933423	36
1595186776.937415	36
1595186777.943894	36
1595186778.947962	37
1595186779.951164	37
1595186780.955540	37
1595186781.958611	37
1595186782.962799	37
1595186783.965954	39
1595186784.970070	36
1595186785.977542	38
1595186786.980539	36
1595186787.983604	39
1595186788.987879	35
1595186789.991020	38
1595186790.995185	37
1595186791.998136	37
1595186793.002071	36
1595186794.009820	36
1595186795.012819	36
1595186796.017106	37
1595186797.020113	36
1595186798.024436	36
1595186799.027457	36
1595186800.031597	36
1595186801.034361	36
1595186802.042048	36
1595186803.045049	36
1595186804.049296	36
1595186805.052365	35
1595186806.056608	37
1595186807.059767	36
1595186808.063968	38
1595186809.066946	38
1595186810.070897	36
1595186811.078547	36
1595186812.081552	36
1595186813.084620	38
1595186814.088744	36
1595186815.091824	36
1595186816.096194	36
1595186817.099185	35
1595186818.103199	36
1595186819.110830	36
1595186820.113804	36
1595186821.118121	39
1595186822.121134	38
1595186823.125442	39
1595186824.128579	36
1595186825.131514	37
1595186826.135472	38
1595186827.143325	36
1595186828.146314	36
1595186829.150763	36
1595186830.153757	36
1595186831.158084	36
1595186832.161087	36
1595186833.165248	36
1595186834.168021	36
1595186835.175685	36
1595186836.178688	36
1595186837.182968	36
1595186838.186023	37
1595186839.190396	36
1595186840.193469	37
1595186841.197724	36
1595186842.200687	38
1595186843.204686	36
1595186844.212329	36
1595186845.215320	36
1595186846.218396	36
1595186847.222649	37
1595186848.225641	36
1595186849.229966	36
1595186850.232980	36
1595186851.237205	35
1595186852.240020	36
1595186853.247570	36
1595186854.251831	36
1595186855.254899	36
1595186856.259365	35
1595186857.262164	36
1595186858.265229	36
1595186859.269523	36
1595186860.272301	36
1595186861.276238	39
1595186862.284076	36
1595186863.287079	37
1595186864.291426	37
1595186865.294402	36
1595186866.298729	37
1595186867.301731	36
1595186868.305867	36
1595186869.308709	36
1595186870.316333	36
1595186871.320614	36
1595186872.323650	39
1595186873.326653	39
1595186874.331011	36
1595186875.333990	36
1595186876.338235	36
1595186877.341136	37
1595186878.345162	37
1595186879.352837	36
1595186880.355837	37
1595186881.360188	39
1595186882.363160	37
1595186883.366240	37
1595186884.370493	36
1595186885.374717	35
1595186886.377382	36
1595186887.385086	37
1595186888.388197	36
1595186889.392504	37
1595186890.395302	35
1595186891.399744	36
1595186892.402742	37
1595186893.407023	39
1595186894.409957	36
1595186895.414016	36
1595186896.421600	36
1595186897.424595	37
1595186898.427669	36
1595186899.431918	39
1595186900.435070	36
1595186901.439253	37
1595186902.442236	39
1595186903.449845	39
1595186904.454099	38
1595186905.457103	36
1595186906.461425	36
1595186907.464421	36
1595186908.467508	37
1595186909.471752	39
1595186910.474737	39
1595186911.482360	39
1595186912.486600	39
1595186913.489797	36
1595186914.493929	36
1595186915.496998	35
1595186916.500023	39
1595186917.504251	35
1595186918.508268	37
1595186919.514611	37
1595186920.518866	36
